.Random.seed <-
c(403L, 422L, -1484743751L, 1300950475L, -495190406L, -719309956L, 
766368703L, 129582229L, 1850190508L, 1982138498L, -809195427L, 
-1604501673L, -102989250L, -1593973128L, -1762179749L, 638960825L, 
593587464L, 1311076278L, 706385137L, 1552479011L, -1013463694L, 
572841924L, 1901038471L, 1969027421L, -1827301548L, 1553255802L, 
1123260613L, -857945569L, -287621722L, 1062973232L, -180427309L, 
1397011441L, -2123741920L, -1340959810L, -296707127L, 1331346299L, 
-626300598L, -151345748L, 1052242095L, 869182053L, -783175140L, 
-1233695630L, -703327507L, -1621967065L, -380421298L, -369380440L, 
-673515605L, -352705335L, 855413976L, 878086534L, 1445470305L, 
-946195981L, -1043808158L, -1813080364L, -574066729L, -916136499L, 
-1656506012L, -1066169014L, -1734505291L, 822139919L, 492401942L, 
1885024192L, -75060349L, -1242469983L, -838249072L, -121633170L, 
624418841L, 1626315947L, -809336678L, 1753587804L, -1091211937L, 
58648373L, 1248434892L, -427288542L, 809185917L, 2146064247L, 
-1621956450L, -628099240L, 346145467L, -1919300519L, -951961624L, 
-67927530L, -1139161711L, -482722237L, -351146670L, -883961372L, 
-165949401L, -1143677827L, 475570548L, 532376922L, -1973564507L, 
-146482241L, -1790392250L, 442484432L, 538136819L, -624769519L, 
472170560L, 976618526L, -1292127511L, 2146928667L, 535003178L, 
-323697844L, 2076283151L, 331981893L, 815752700L, 197714L, -82983475L, 
1079031687L, -1270930834L, -887573944L, 1956439115L, -1503930967L, 
-950687496L, -188281818L, 216714561L, -2070029613L, 1492697730L, 
-391714636L, 1014229047L, 628120365L, 962662468L, 1314864490L, 
-2070443563L, 1292345199L, -1192892810L, -654071392L, -1822921117L, 
1753618177L, -1963129232L, -1885756914L, 8465017L, 473445899L, 
-1059428550L, 144981564L, -800463489L, 1626785493L, -997587220L, 
-129656766L, -1025523811L, -1117770217L, 477918078L, 1774289208L, 
797666843L, 129920889L, -2117756472L, 1880057334L, -493131727L, 
1581056611L, -1089192398L, 1843178372L, 1176275399L, 1131765917L, 
354973716L, 1269345978L, 1128718085L, -1683845921L, -201573018L, 
1767553264L, -1386709997L, 731673009L, 797371488L, -733459970L, 
2136182153L, 1943374523L, -1140025718L, 663994732L, 27088623L, 
1754911013L, -211980324L, 64699826L, -2146104147L, -610816921L, 
-779570290L, -876768152L, -1434857365L, -2002855415L, -272767848L, 
457684934L, 1978075937L, 1964312499L, -1903726814L, 1778729236L, 
-315395689L, -1377881715L, 1880815780L, 1409749642L, -887895819L, 
-1822671025L, 583624790L, -1465576704L, -411515325L, 1411309025L, 
-94623408L, -1653465170L, -1740663463L, -2008517781L, -50482470L, 
327246748L, 290971551L, 270493173L, -800044916L, -1949841054L, 
41076029L, -1165720137L, -339357090L, 1316991896L, -1161307397L, 
1578685081L, 500538152L, -1073690154L, -1859013039L, 1804088579L, 
-131258222L, 1347001892L, -533561113L, 1280234813L, 751301044L, 
-5714406L, -1497617051L, 616289279L, 1002926726L, -608472560L, 
-480048973L, -350682287L, 639561472L, 1102265822L, -932116951L, 
2017603035L, -1228573974L, 714366204L, 166982386L, 566209280L, 
-700252556L, -215286776L, 2007779770L, -386208816L, 1706968556L, 
1970638740L, -12738862L, 181283424L, -1034398388L, 1409405216L, 
286389890L, -850532888L, 2034150380L, -1113789892L, 711755378L, 
514292592L, 1789294884L, -239191496L, 1199864218L, 2091720144L, 
618933692L, -714136428L, -1318911870L, 229619136L, 575665980L, 
100223120L, 264018722L, 1845269000L, -1828011764L, 503802268L, 
896100882L, 220848000L, -1710107884L, -1007539928L, 442626106L, 
725103568L, -1022196116L, 2029568564L, -1516960110L, 1078553952L, 
-1305149108L, 2024575968L, -2113248862L, -1431494232L, 1796505228L, 
-1458190916L, -460160398L, 1784036336L, -1131140540L, 967610456L, 
-159923142L, 1356815472L, -1734605764L, 718744852L, 558445250L, 
-1083152672L, 1111059580L, 2069025488L, -2140708446L, 1485730856L, 
-385796340L, -995633732L, 915081010L, 819621568L, 115890228L, 
1541992136L, 1621350586L, -527170928L, -798259476L, -1961418156L, 
1805500050L, 1653716256L, -449610292L, -1439625504L, -1570030398L, 
840371240L, -1444215892L, 417408700L, -1030539278L, 1637016112L, 
-198345820L, 32830904L, -1668049062L, -614516592L, 533522300L, 
683078932L, -1498943166L, 1263877376L, 1551155644L, -564490928L, 
-1246578398L, -141426104L, 2065198092L, 511132252L, 1835070930L, 
-728703488L, -1411215020L, -1230252824L, 1562581242L, -1277558064L, 
474205996L, 397618420L, 523077010L, 1775679840L, -935098356L, 
-506246944L, -1417419166L, 1523634344L, -1785763764L, -308693124L, 
-875778766L, -557572496L, -1174370492L, -140669992L, 196169594L, 
-1298852816L, 812375996L, 2133572180L, 1972428866L, 1612609184L, 
-1856435524L, 1739184080L, 1473616226L, 1366473448L, -510503732L, 
-1470633476L, 1918910962L, 188375168L, 1706343924L, 972290696L, 
1641355066L, 281381200L, -2014525332L, 2013431188L, -377242542L, 
-543530528L, 2018984140L, -922391904L, 768762242L, 1552454888L, 
74578668L, 754999612L, 280034418L, 1035001456L, 342795812L, -1796067272L, 
2109281562L, -1390923568L, 2096839996L, -2051104876L, -607099006L, 
2007220160L, 2005380668L, 867127696L, 731333666L, -1496645368L, 
-1085434740L, -80207076L, 1558577298L, 292983168L, 1822116884L, 
-904558808L, 1582149178L, 1541964240L, 311562604L, 1654886324L, 
-1474255342L, 923816928L, -2132363828L, 1763845344L, -1679534046L, 
1700020008L, 1377863180L, -635724996L, 855612402L, 1249948400L, 
1358217796L, 240842328L, -1955963078L, -1920091152L, 855150268L, 
1137683732L, -119713598L, -1558404000L, -851742340L, 857825232L, 
645769506L, 2013396648L, -38141044L, 1157194940L, -386087118L, 
2009133632L, 288033972L, -250125240L, 1113039290L, 332713488L, 
-594827028L, -237625004L, -1148772590L, 732911008L, 166456012L, 
1348970080L, 1658281922L, -1922958552L, -1280387668L, 1583479100L, 
1115383666L, 610031920L, 1117343524L, 99511608L, 1468607194L, 
-758978672L, -506711300L, 187215764L, 1702156354L, -1594999552L, 
-181275588L, 696390992L, -701413214L, -301631672L, 1280151308L, 
128084700L, 1814420306L, 2055447168L, 1106670628L, -1300304171L, 
2054359679L, 130386712L, -554429898L, -1786833725L, -282089211L, 
-508125022L, 643557008L, 112615993L, 1257839339L, 828574684L, 
150900234L, -2023288577L, -461781687L, -449751330L, -836297588L, 
-589345699L, 670519911L, -739189872L, -183398482L, -1139814821L, 
1841996349L, -919853910L, -723344056L, 1202624881L, 545918691L, 
-140646940L, 44886290L, -1930181401L, 203801265L, 2128247030L, 
211604244L, -439051227L, 1283836207L, 700280552L, -992019514L, 
-1679704461L, 1912615125L, 387750578L, 166564480L, 256078441L, 
1563690715L, 211776044L, 1034578490L, 2290927L, -359389319L, 
-1412899826L, -284479012L, 269001293L, 1792004535L, 334606144L, 
782718494L, 1018831083L, 2122895469L, 465639642L, 910456984L, 
-1969348863L, -1973967693L, -1019867180L, 204094178L, 782347127L, 
1041938113L, 99053126L, -1083903612L, -942575819L, 686378271L, 
-1035606920L, 814408022L, -1102778397L, -324806235L, 1936854082L, 
-786288080L, -1943913895L, 419400651L, 509516860L, -348003734L, 
1956241567L, 496568617L, 2132786622L, 814017708L, 1431181821L, 
962830663L, 1345509936L, 1766972238L, 1527005051L, -1443542819L, 
-323452662L, 1530852392L, 1385842833L, 649026691L, -326447740L, 
-2125591630L, 428963079L, -1313583279L, -910172458L, 1043539892L, 
-2119030843L, -1925376241L, 1585767816L, -838766426L, -346021805L, 
-1908749899L, -2013823214L, 1791657184L, -701650615L, 184750971L, 
2040311372L, -1673887782L, 1346534863L, 661638041L, 1293720494L, 
-1016741700L, 952416557L, -781833513L, 1430229792L, -717593474L, 
-436884917L, -856065971L, -2085529990L, 259800760L, -2141635487L, 
913829395L, 1616045108L, 1937615426L, -121119145L, 996890017L, 
263108198L, -2015586716L, -860940907L, 760374975L, -1285472680L, 
1522625142L, -1459313021L, 33249989L, 1296467938L, 1204654672L, 
71694201L, -1746547541L, -703962084L, -1256279222L, -762137793L, 
1808850313L, -1951079010L, 156146764L, -633868771L, 1783128999L, 
-590551344L, -793626514L, -726094053L, -1699630979L, -1962779030L, 
